# Source: 19h15m11.558s +10d56m44.905s   fixed_params: abp   flux-scale systematic: 5.0%
# Zero level: dooff=True  fixoffset=False  seeded from map: True
# Flux_Error_Total = sqrt(max(fit_err, local_rms)^2 + (frac*flux)^2)
# Bkg is the annulus median.
# Filename                                 MJD          Flux (Jy)      Fit_Err (Jy)   RMS (Jy/bm)    Err_Total (Jy) Bkg (Jy/bm)
1544268663 58460.48848  0.002587       0.000039       0.000039       0.000135       -0.000013
1563825653 58686.87749  0.066475       0.000080       0.000080       0.003325       -0.000000
1564248236 58691.76787  0.042713       0.000084       0.000084       0.002137       0.000011
1564947058 58699.84784  0.075823       0.000061       0.000061       0.003792       -0.000004
1567871158 58733.71464  0.048460       0.000073       0.000073       0.002424       0.000012
1570901089 58768.77113  0.015546       0.000072       0.000072       0.000781       -0.000000
1583118973 58910.20784  0.008612       0.000077       0.000077       0.000438       0.000019
1585883785 58942.19520  0.122223       0.000100       0.000100       0.006112       -0.000021
1587176616 58957.14388  0.019584       0.000068       0.000068       0.000982       0.000001
1587786356 58964.20119  0.120240       0.000073       0.000073       0.006012       0.000014
1588375604 58971.02015  0.088600       0.000081       0.000081       0.004431       0.000031
1588992355 58978.17369  0.042460       0.000061       0.000061       0.002124       -0.000008
1589683557 58986.17374  0.119295       0.000079       0.000079       0.005965       0.000022
1590189641 58992.02051  0.002223       0.000406       0.000406       0.000420       -0.000009
1590975056 59001.10969  0.017071       0.000059       0.000059       0.000856       0.000007
1591585260 59008.15649  0.023737       0.000085       0.000085       0.001190       -0.000008
1592167259 59014.90659  0.034937       0.000077       0.000077       0.001749       -0.000001
1592527255 59019.07293  0.034336       0.000078       0.000078       0.001719       0.000002
1593213962 59027.02241  0.035493       0.000070       0.000070       0.001776       0.000027
1593890159 59034.84606  0.032865       0.000065       0.000065       0.001645       -0.000007
1594580523 59042.83638  0.073529       0.000072       0.000072       0.003677       0.000030
1595185558 59049.83958  0.643564       0.000164       0.000164       0.032179       -0.000025
1595623962 59054.91434  0.236436       0.000076       0.000076       0.011822       0.000029
1596300367 59062.72951  0.255891       0.000137       0.000137       0.012795       0.000006
1596904261 59069.71912  0.587048       0.000215       0.000215       0.029353       0.000016
1597515368 59076.79288  0.080969       0.000074       0.000074       0.004049       0.000008
1598130064 59083.90633  0.045611       0.000062       0.000062       0.002281       0.000012
1598801721 59091.70757  0.012230       0.000077       0.000077       0.000616       -0.000008
1599251463 59096.88619  0.011599       0.000080       0.000080       0.000585       0.000002
1599928833 59104.72679  0.011445       0.000065       0.000065       0.000576       0.000010
1600623068 59112.76163  0.007506       0.000055       0.000055       0.000379       0.000019
1601142995 59118.79940  0.014230       0.000081       0.000081       0.000716       -0.000001
1601731867 59125.60928  0.008794       0.000091       0.000091       0.000449       0.000001
1602343380 59132.67302  0.016032       0.000053       0.000053       0.000803       -0.000010
1602938168 59139.54181  0.014897       0.000060       0.000060       0.000747       -0.000011
1603632965 59147.58367  0.038031       0.000067       0.000067       0.001903       0.000022
1604061244 59152.54123  0.164861       0.000147       0.000147       0.008244       0.000012
1604831346 59161.45422  0.286207       0.000353       0.000353       0.014315       0.000072
1605454262 59168.66416  0.086018       0.000093       0.000093       0.004302       -0.000023
1606051862 59175.59667  0.059780       0.000067       0.000067       0.002990       0.000013
1606572945 59181.61199  0.034135       0.000071       0.000071       0.001708       -0.000003
1607167268 59188.50685  0.066595       0.000111       0.000111       0.003332       -0.000004
1607847949 59196.38252  0.067982       0.000146       0.000146       0.003402       -0.000006
1608466570 59203.52875  0.052926       0.000074       0.000074       0.002647       0.000004
1609148467 59211.42061  0.026771       0.000069       0.000069       0.001340       0.000058
1609769942 59218.61324  0.230312       0.000247       0.000247       0.011518       -0.000059
1610180483 59223.38038  0.126503       0.000079       0.000079       0.006326       0.000009
1610782322 59230.34539  0.066255       0.000090       0.000090       0.003314       -0.000022
1611487864 59238.49753  0.044734       0.000110       0.000110       0.002239       0.000002
1611982081 59244.21756  0.045389       0.000104       0.000104       0.002272       -0.000021
1612607468 59251.45685  0.215073       0.000629       0.000629       0.010772       -0.000011
1613382663 59260.44346  0.077289       0.000103       0.000103       0.003866       -0.000010
1613817966 59265.46747  0.034087       0.000085       0.000085       0.001706       -0.000017
1614495843 59273.32648  0.016428       0.000066       0.000066       0.000824       0.000018
1615005089 59279.23481  0.016899       0.000068       0.000068       0.000848       0.000005
1615601592 59286.12389  0.019384       0.000063       0.000063       0.000971       0.000037
1616209876 59293.16451  0.016944       0.000052       0.000052       0.000849       -0.000012
1616913070 59301.30470  0.016659       0.000070       0.000070       0.000836       0.000018
1617595273 59309.21372  0.027713       0.000067       0.000067       0.001387       0.000011
1618018273 59314.12206  0.032742       0.000082       0.000082       0.001639       0.000004
1650081167 59685.22348  0.002224       0.000068       0.000068       0.000130       0.000005
1680927674 60042.23677  0.404809       0.000156       0.000156       0.020241       0.000047
1683339854 60070.18562  0.122109       0.000092       0.000092       0.006106       0.000016
1684103257 60078.99139  0.157871       0.000173       0.000173       0.007895       0.000020
1686009070 60100.99684  0.085065       0.000085       0.000085       0.004254       0.000010
1691942477 60169.74413  1.363344       0.000413       0.000413       0.068168       0.000027
1692369676 60174.67429  0.768501       0.000430       0.000430       0.038427       0.000013
1693837274 60191.67275  0.252970       0.000142       0.000142       0.012649       0.000042
1694179874 60195.65167  0.246844       0.000119       0.000119       0.012343       -0.000000
1694873611 60203.65529  0.183920       0.000141       0.000141       0.009197       0.000031
1696160474 60218.56142  0.418899       0.000267       0.000267       0.020947       0.000010
1696597476 60223.63421  0.384948       0.000174       0.000174       0.019248       -0.000013
1697970076 60239.50722  0.399819       0.000604       0.000604       0.020000       -0.000000
1698492680 60245.54251  0.375338       0.000247       0.000247       0.018769       0.000035
1699263074 60254.45843  1.102537       0.000458       0.000458       0.055129       0.000141
1699785278 60260.50303  0.254406       0.000143       0.000143       0.012721       0.000023
1700301738 60266.49297  0.165927       0.000104       0.000104       0.008297       0.000021
1700905354 60273.48153  0.158505       0.000095       0.000095       0.007926       0.000033
1701508883 60280.47168  0.711288       0.000225       0.000225       0.035565       0.000003
1702191978 60288.36212  0.172815       0.000180       0.000180       0.008643       0.000086
1702797675 60295.38594  0.196821       0.000101       0.000101       0.009842       0.000023
1703313075 60301.34824  0.834172       0.000394       0.000394       0.041710       0.000047
1704610349 60316.35345  0.245965       0.000198       0.000198       0.012300       0.000049
1705896778 60331.25666  0.386127       0.000253       0.000253       0.019308       -0.000003
1707019934 60344.25313  0.078136       0.000102       0.000102       0.003908       0.000064
1708313133 60359.20976  0.085463       0.000082       0.000082       0.004274       0.000037
1709519895.full_1284.full_pol_1024ch_1024ch_GRS1915.ms_pcalmask-MFS-image.fits 60373.17869  0.061327       0.000108       0.000108       0.003068       0.000081
1710551895 60385.15137  0.052256       0.000101       0.000101       0.002615       0.000069
1711241475 60393.10611  0.054229       0.000123       0.000123       0.002714       0.000045
1711842423 60400.07132  0.045948       0.000086       0.000086       0.002299       0.000057
1712964345 60413.07054  0.037581       0.000089       0.000089       0.001881       0.000063
1714347567 60429.06770  0.028082       0.000074       0.000074       0.001406       0.000040
1715463973 60441.98789  0.025344       0.000076       0.000076       0.001270       0.000060
1716070768 60448.99841  0.022989       0.000050       0.000050       0.001151       0.000033
1716674983 60455.99089  0.019446       0.000083       0.000083       0.000976       0.000030
1717877016 60469.93946  0.017140       0.000055       0.000055       0.000859       0.000036
1718044512 60471.86218  0.004661       0.000076       0.000076       0.000245       -0.000064
1718477729 60476.90662  0.015799       0.000098       0.000098       0.000796       0.000055
1719678795 60490.82179  0.013286       0.000076       0.000076       0.000669       0.000045
1720453338 60499.83089  0.014849       0.000068       0.000068       0.000746       0.000057
1721062815 60506.79486  0.016048       0.000085       0.000085       0.000807       -0.000013
1722101177 60518.81090  0.017323       0.000084       0.000084       0.000870       -0.000006
1722873075 60527.75738  0.016055       0.000092       0.000092       0.000808       0.000039
1723909876 60539.72964  0.010841       0.000077       0.000077       0.000547       0.000050
1724507539 60546.64454  0.008233       0.000110       0.000110       0.000426       0.000005
1725115877 60553.70953  0.001609       0.000098       0.000098       0.000126       0.000038
1725197055 60554.62672  0.006702       0.000116       0.000116       0.000355       0.000057
1726494315 60569.64269  0.004903       0.000061       0.000061       0.000253       0.000034
1726920975 60574.57929  0.004237       0.000072       0.000072       0.000224       -0.000014
1728903370 60597.55340  0.003686       0.000096       0.000096       0.000208       0.000045
1729424896 60603.57358  0.003720       0.000056       0.000056       0.000194       0.000031
1731232274 60624.43668  0.003961       0.000086       0.000086       0.000216       0.000108
1732268475 60636.48240  0.014917       0.000074       0.000074       0.000749       0.000013
1733648172 60652.39862  0.008919       0.000085       0.000085       0.000454       -0.000004
1734161776 60658.34294  0.005890       0.000088       0.000088       0.000307       0.000016
1734764953 60665.32429  0.004112       0.000097       0.000097       0.000228       0.000089
1735457475 60673.33880  0.008678       0.000062       0.000062       0.000438       0.000012
1737778693 60700.23329  1.075799       0.000373       0.000373       0.053791       0.000060
1739157616 60716.19294  0.759399       0.000481       0.000481       0.037973       0.000037
1740186986 60728.16433  1.224299       0.000246       0.000246       0.061215       0.000050
1740968168 60737.20571  0.603707       0.000241       0.000241       0.030186       0.000060
1742173691 60751.15853  0.225308       0.000167       0.000167       0.011267       -0.000017
1743297376 60764.17865  0.253913       0.000143       0.000143       0.012696       0.000012
1744418777 60777.15507  0.213621       0.000120       0.000120       0.010682       -0.000001
1745797469 60793.11204  0.080723       0.000113       0.000113       0.004038       -0.000036
1746915367 60806.03549  0.032296       0.000097       0.000097       0.001618       0.000034
1747597679 60813.93267  0.021985       0.000134       0.000134       0.001107       0.000024
1747944679 60817.94838  0.022188       0.000071       0.000071       0.001112       0.000038
1749501064 60835.96321  0.010811       0.000070       0.000070       0.000545       0.000048
1750612578 60848.84163  0.007262       0.000072       0.000072       0.000370       0.000004
1751822175 60862.85456  0.005570       0.000089       0.000089       0.000292       0.000011
1752852856 60874.77176  0.004111       0.000094       0.000094       0.000226       0.000028
1754237460 60890.77087  0.003215       0.000096       0.000096       0.000187       0.000051
1755525678 60905.67844  0.002250       0.000087       0.000087       0.000142       0.000057
1756646775 60918.64155  0.002009       0.000082       0.000082       0.000130       0.000043
1758028669 60934.63597  0.001754       0.000054       0.000054       0.000103       0.000036
1759663092 60953.54063  0.001134       0.000115       0.000115       0.000128       -0.000005
1760871974 60967.53245  0.001106       0.000105       0.000105       0.000119       0.000011
1763283675 60995.43502  0.000918       0.000112       0.000112       0.000121       0.000082
1765527668 61021.40753  0.000679       0.000113       0.000113       0.000118       0.000003
1766908492 61037.38002  0.000765       0.000149       0.000149       0.000154       0.000050
1768194742 61052.28669  0.000554       0.000087       0.000087       0.000091       -0.000012
1769511802 61067.46795  0.000397       0.000068       0.000068       0.000071       -0.000011
1770609982 61080.24087  0.000469       0.000074       0.000074       0.000078       0.000062
1771726660 61093.17609  0.000313       0.000149       0.000149       0.000150       -0.000012
1772847614 61106.13932  0.000234       0.000119       0.000119       0.000120       -0.000007
1774059674 61120.16814  0.000230       0.000094       0.000094       0.000094       -0.000043
1775951721 61142.08404  0.000424       0.000124       0.000124       0.000126       0.000013
1777071081 61155.01126  0.000329       0.000092       0.000092       0.000093       0.000040
1778281872 61169.01471  0.000361       0.000117       0.000117       0.000119       0.000003
1779655873 61184.91748  0.000222       0.000118       0.000118       0.000119       0.000053
1780859115 61198.86324  0.000229       0.000154       0.000154       0.000155       -0.000019
1781205673 61202.86564  0.000305       0.000103       0.000103       0.000104       -0.000037
1782502875 61217.85837  0.000178       0.000092       0.000092       0.000092       0.000083
1782598334 61218.93238  0.000073       0.000051       0.000051       0.000051       0.000009


